size    k       ratio   tries   exectime
3       5       0.19    1       0.000215
3       8       0.30    1       0.000236
3       11      0.41    1       0.000337
3       14      0.52    4       0.001125
3       16      0.59    6       0.002191
3       19      0.70    9       0.002922
3       22      0.81    33      0.009022
3       24      0.89    48      0.013483
4       13      0.20    1       0.000457
4       19      0.30    1       0.000621
4       26      0.41    2       0.001369
4       32      0.50    9       0.007556
4       38      0.59    40      0.032624
4       45      0.70    2000+   1.502960
4       51      0.80    2000+   1.481674
4       58      0.91    2000+   1.473211
5       25      0.20    1       0.001054
5       38      0.30    2       0.002842
5       50      0.40    8       0.014091
5       62      0.50    24      0.042378
5       75      0.60    2000+   3.380028
5       88      0.70    2000+   3.399353
5       100     0.80    2000+   3.388070
5       112     0.90    2000+   3.397183
6       43      0.20    1       0.002250
6       65      0.30    1       0.003273
6       86      0.40    1       0.004095
6       108     0.50    250     0.885640
6       130     0.60    2000+   7.115318
6       151     0.70    2000+   7.188252
6       173     0.80    2000+   7.569542
6       194     0.90    2000+   7.180600
7       69      0.20    1       0.004344
7       103     0.30    1       0.006511
7       137     0.40    2       0.013336
7       172     0.50    380     2.716114
7       206     0.60    2000+   14.378561
7       240     0.70    2000+   14.764701
7       274     0.80    2000+   14.409046
7       309     0.90    2000+   14.788453
8       102     0.20    1       0.007964
8       154     0.30    1       0.011747
8       205     0.40    11      0.130996
8       256     0.50    1046    13.868203
8       307     0.60    2000+   27.005862
8       358     0.70    2000+   27.193140
8       410     0.80    2000+   26.990825
8       461     0.90    2000+   27.148437
9       146     0.20    1       0.015301
9       219     0.30    1       0.021944
9       292     0.40    3       0.079324
9       364     0.50    2000+   45.923369
9       437     0.60    2000+   46.362946
9       510     0.70    2000+   45.934950
9       583     0.80    2000+   46.353294
9       656     0.90    2000+   46.065674
