size    k       ratio   tries   exectime
3       5       0.19    1       0.000137
3       8       0.30    1       0.000236
3       11      0.41    2       0.000432
3       14      0.52    1       0.000349
3       16      0.59    3       0.000863
3       19      0.70    26      0.007020
3       22      0.81    12      0.003875
3       24      0.89    300     0.086482
4       13      0.20    1       0.000430
4       19      0.30    1       0.000608
4       26      0.41    2       0.001306
4       32      0.50    13      0.009996
4       38      0.59    64      0.047564
4       45      0.70    4000+   2.938455
4       51      0.80    4000+   2.927725
4       58      0.91    4000+   3.026383
5       25      0.20    1       0.001046
5       38      0.30    1       0.001527
5       50      0.40    1       0.002095
5       62      0.50    31      0.055965
5       75      0.60    4000+   7.106355
5       88      0.70    4000+   6.865483
5       100     0.80    4000+   6.751686
5       112     0.90    4000+   6.787566
6       43      0.20    1       0.002163
6       65      0.30    2       0.005254
6       86      0.40    1       0.004313
6       108     0.50    42      0.152539
6       130     0.60    4000+   15.156327
6       151     0.70    4000+   14.319002
6       173     0.80    4000+   14.689245
6       194     0.90    4000+   15.118299
7       69      0.20    2       0.008533
7       103     0.30    1       0.006374
7       137     0.40    6       0.045199
7       172     0.50    616     4.332311
7       206     0.60    4000+   28.807341
7       240     0.70    4000+   28.858828
7       274     0.80    4000+   29.226893
7       309     0.90    4000+   28.862026
8       102     0.20    1       0.007870
8       154     0.30    2       0.021045
8       205     0.40    6       0.072227
8       256     0.50    3392    45.250577
8       307     0.60    4000+   52.921659
8       358     0.70    4000+   52.996449
8       410     0.80    4000+   53.104285
8       461     0.90    4000+   53.709141
9       146     0.20    1       0.015279
9       219     0.30    1       0.022053
9       292     0.40    2       0.056377
9       364     0.50    4000+   92.134747
9       437     0.60    4000+   92.006706
9       510     0.70    4000+   92.866076
9       583     0.80    4000+   92.545074
9       656     0.90    4000+   93.077050
